"","Probabilty Correct","Probability Polytomy","Probability Incorrect"
"L1pns6million",0.724866012924145,0.0670920462869135,0.208041940788942
"L2pns6million",0.81058975916441,0.0542523862069305,0.135157854628659
"L3pns6million",0.807866475188974,0.0540155956499191,0.138117929161107
"L4pns6million",0.750442194153819,0.0581063563949742,0.191451449451207
"L5pns6million",0.850295379179353,0.0401949354922913,0.109509685328355
"L6pns6million",0.855030991076339,0.0403478438278393,0.104621165095822
"L7pns6million",0.747087335118896,0.070483250751172,0.182429414129932
"L8pns6million",0.787145915658422,0.070780210863169,0.142073873478408
"L9pns6million",0.888972133448357,0.0387239702818584,0.0723038962697846
"L10pns6million",0.753788112490587,0.0700286675341494,0.176183219975263
"L11pns6million",0.878559600689011,0.0427621591539206,0.0786782401570679
"L12pns6million",0.874321055738317,0.0405989175686977,0.0850800266929857
"L21pns6million",0.649612626013401,0.092679195017745,0.257708178968854
"L22pns6million",0.797452081007178,0.0547961921723164,0.147751726820506
"L24pns6million",0.881386211544358,0.0325972902378107,0.0860164982178312
"L27pns6million",0.769798073636149,0.0610266140379931,0.169175312325858
"L28pns6million",0.858381383483112,0.0417964956053248,0.0998221209115629
"L30pns6million",0.814190713570794,0.0647807388864201,0.121028547542786
"L31pns6million",0.89932377335949,0.031051386685702,0.069624839954808
"L32pns6million",0.86300199139919,0.0375419887710048,0.0994560198298056
"L34pns6million",0.890043545667482,0.0318890852184494,0.0780673691140688
"L35pns6million",0.822379822635524,0.0542746656805135,0.123345511683963
"L36pns6million",0.802446915656942,0.064678133742652,0.132874950600406
"L37pns6million",0.918678720405453,0.0242838280995909,0.0570374514949566
"L38pns6million",0.861783782107484,0.0435538096838177,0.0946624082086979
"L39pns6million",0.822294433971439,0.0535913475670971,0.124114218461464
"L41pns6million",0.77193715865501,0.0710304612621192,0.157032380082871
"L42pns6million",0.786704813276945,0.0581760859519484,0.155119100771107
"L43pns6million",0.862170960729611,0.0424485167882242,0.0953805224821651
"L44pns6million",0.852523988113521,0.0477504909661214,0.0997255209203573
"L48pns6million",0.824274979421333,0.0563649994852884,0.119360021093378
"L49pns6million",0.853675718921284,0.0375104806729932,0.108813800405723
"L50pns6million",0.853760688130368,0.0384718308520753,0.107767481017557
"L51pns6million",0.725338612399357,0.0773795697908627,0.197281817809781
"L53pns6million",0.759653917509557,0.0698301290729362,0.170515953417506
"L54pns6million",0.714280302804009,0.0885473129366741,0.197172384259317
"L57pns6million",0.778916385473847,0.0685602560452681,0.152523358480885
"L58pns6million",0.741330244262058,0.0868268976125396,0.171842858125403
"L59pns6million",0.793358674058024,0.0604534615242029,0.146187864417773
"L61pns6million",0.820710091002691,0.0605787213089653,0.118711187688344
"L62pns6million",0.872709355978245,0.0438048425916636,0.0834858014300919
"L63pns6million",0.893512263729876,0.0318969291482467,0.0745908071218769
"L64pns6million",0.862704173957336,0.0460164890168726,0.0912793370257918
"L65pns6million",0.908895516881746,0.0269541689022607,0.0641503142159936
"L67pns6million",0.916503427519969,0.0240747054040849,0.0594218670759464
"L72pns6million",0.819010245505287,0.0499307089490836,0.131059045545629
"L73pns6million",0.855895583972688,0.0444467470493931,0.0996576689779185
"L74pns6million",0.837920703729714,0.0473797973173047,0.114699498952981
"L75pns6million",0.901959547031791,0.0299953085893416,0.0680451443788671
"L76pns6million",0.834213475218766,0.0422321272371894,0.123554397544045
"L77pns6million",0.866571472915688,0.0418918803197217,0.0915366467645907
"L78pns6million",0.769582647327989,0.0611680633136369,0.169249289358374
"L79pns6million",0.836221221469021,0.0421849567118314,0.121593821819147
"L80pns6million",0.770326462160149,0.0775319692052837,0.152141568634567
"L81pns6million",0.940172310067113,0.0185356603733965,0.0412920295594902
"L82pns6million",0.823889038916526,0.0484554514284948,0.127655509654979
"L85pns6million",0.913564430863043,0.0269197342421336,0.0595158348948238
"L86pns6million",0.84947493726025,0.0418750526325068,0.108650010107243
"L87pns6million",0.806209878106493,0.0634484340572455,0.130341687836261
"L88pns6million",0.846451713458616,0.0551100222379881,0.0984382643033961
"L89pns6million",0.758854366827817,0.0677196967054858,0.173425936466697
"L91pns6million",0.918265222399969,0.0246052290006407,0.0571295485993901
"L94pns6million",0.691170757728413,0.0972606618014675,0.211568580470119
"L95pns6million",0.821700171809704,0.0503356860479375,0.127964142142358
"L98pns6million",0.744510535491611,0.0960105829302273,0.159478881578162
"L99pns6million",0.853173444971384,0.0464659274049312,0.100360627623685
"L100pns6million",0.881306328187865,0.0330783153261118,0.0856153564860227
"L102pns6million",0.846784548078939,0.0451936398194278,0.108021812101634
"L103pns6million",0.857898192888823,0.0399808832023425,0.102120923908835
"L104pns6million",0.829870060691604,0.0450785101492327,0.125051429159163
"L105pns6million",0.753351096647051,0.0632495770735102,0.183399326279438
"L107pns6million",0.829548022312138,0.0483433926508025,0.122108585037059
"L108pns6million",0.831061193755016,0.0448139842711459,0.124124821973838
"L110pns6million",0.913077002208686,0.0262608143551639,0.0606621834361501
"L111pns6million",0.876107820860067,0.0372132194053508,0.0866789597345823
"L113pns6million",0.913594106904632,0.0279230864685773,0.0584828066267911
"L115pns6million",0.688807244290626,0.136344760175606,0.174847995533769
"L116pns6million",0.840636209928134,0.0460884284431985,0.113275361628667
"L118pns6million",0.861715108456861,0.041182107274762,0.0971027842683772
"L119pns6million",0.868623478650143,0.0429342350752878,0.0884422862745688
"L120pns6million",0.845705705063494,0.0446747189490855,0.109619575987421
"L121pns6million",0.932586815164788,0.0187061495274403,0.0487070353077713
"L122pns6million",0.896739476639511,0.028460337997123,0.074800185363366
"L125pns6million",0.88412955532215,0.0334361450934089,0.0824342995844412
"L126pns6million",0.80545085485753,0.0490722218690085,0.145476923273461
"L127pns6million",0.847503101325843,0.0448446118030523,0.107652286871105
"L128pns6million",0.743811642911856,0.0877649301268334,0.16842342696131
"L129pns6million",0.874005083598588,0.0372283846028205,0.0887665317985918
"L130pns6million",0.840015113020684,0.0469704290533253,0.11301445792599
"L131pns6million",0.748382140828779,0.0835241623006614,0.168093696870559
"L133pns6million",0.860898388557195,0.0418029761198301,0.0972986353229745
"L134pns6million",0.78511459933278,0.0562546472400431,0.158630753427177
"L135pns6million",0.899782041937091,0.0267499660637751,0.0734679919991334
"L136pns6million",0.890732563538187,0.0315547722203098,0.0777126642415036
"L137pns6million",0.871065867229384,0.0396398560046454,0.0892942767659711
"L141pns6million",0.859731974384131,0.0433155250964606,0.0969525005194088
"L142pns6million",0.843397285771887,0.0488141935975905,0.107788520630523
"L143pns6million",0.907607882270129,0.0285526811879092,0.0638394365419616
"L145pns6million",0.883906689822725,0.037145503631707,0.0789478065455679
"L146pns6million",0.870450576576339,0.0450686682469276,0.0844807551767332
"L147pns6million",0.895593061943769,0.0332323272347586,0.0711746108214724
"L148pns6million",0.820672560562886,0.055066939775349,0.124260499661765
"L149pns6million",0.926577856076206,0.0215236064082505,0.051898537515543
"L150pns6million",0.932061878758704,0.0205673906497373,0.0473707305915587
"L151pns6million",0.911681492491542,0.0285024586731181,0.0598160488353394
"L152pns6million",0.60670135642422,0.175182663824653,0.218115979751126
"L153pns6million",0.892613320195043,0.0284240260019637,0.0789626538029937
"L154pns6million",0.754580238708911,0.0761552074177784,0.169264553873311
"L155pns6million",0.850945675886867,0.0448621521259836,0.10419217198715
"L157pns6million",0.866675641453929,0.039759574721015,0.0935647838250566
"L158pns6million",0.853845839721503,0.0538445411695307,0.0923096191089666
"L159pns6million",0.825772487656401,0.0581459709081833,0.116081541435415
"L161pns6million",0.925487195701047,0.023359716960145,0.0511530873388075
"L162pns6million",0.843427228878103,0.0482977287350922,0.108275042386805
"L163pns6million",0.683761262370972,0.108636608897203,0.207602128731825
"L165pns6million",0.874065690571236,0.0409818500097914,0.0849524594189724
"L169pns6million",0.780226129444298,0.0685703116051079,0.151203558950594
"L170pns6million",0.777322812011177,0.0685064348170769,0.154170753171746
"L171pns6million",0.846693814722047,0.0428486239219108,0.110457561356042
"L174pns6million",0.834744656993605,0.0550828754481508,0.110172467558244
"L175pns6million",0.868295236486211,0.0448969529963828,0.0868078105174062
"L176pns6million",0.890992917453164,0.03235983225858,0.076647250288256
"L177pns6million",0.863096342312245,0.0437352202321299,0.0931684374556254
"L178pns6million",0.861269722272511,0.0416973778225362,0.0970328999049529
"L180pns6million",0.813801657521499,0.04887031299666,0.137328029481841
"L181pns6million",0.887696500882975,0.0309119926952787,0.0813915064217464
"L182pns6million",0.928175443411359,0.0212495512303724,0.0505750053582691
"L183pns6million",0.814521758258353,0.0516797253248742,0.133798516416773
"L184pns6million",0.955906552760072,0.0134847197604778,0.0306087274794501
"L186pns6million",0.90349632471587,0.0295537693646311,0.0669499059194989
"L187pns6million",0.888594785179985,0.033232034389611,0.0781731804304035
"L188pns6million",0.870181342362587,0.0416581090956719,0.0881605485417409
"L189pns6million",0.901724682061008,0.0358399287018212,0.0624353892371705
"L190pns6million",0.854899739839378,0.0433977451917753,0.101702514968847
"L192pns6million",0.846209885373331,0.0449340125675649,0.108856102059104
"L193pns6million",0.46330365860088,0.174767945708128,0.361928395690992
"L194pns6million",0.836907067505175,0.0512690159565978,0.111823916538227
"L195pns6million",0.835603938775334,0.0447550907197128,0.119640970504953
"L196pns6million",0.863597158178317,0.0406198276810949,0.0957830141405878
"L197pns6million",0.818248460746358,0.051992393578576,0.129759145675066
"L201pns6million",0.846400748749166,0.0464719661532895,0.107127285097544
"L202pns6million",0.83848813251719,0.0533765601755117,0.108135307307298
"L203pns6million",0.787305603635285,0.0716948177249417,0.140999578639774
"L204pns6million",0.893050411752389,0.0325922071547401,0.0743573810928714
"L205pns6million",0.864782650619721,0.0415136223933388,0.0937037269869406
"L206pns6million",0.894602435241014,0.0320558020062372,0.0733417627527488
"L207pns6million",0.831954277941316,0.049992189980255,0.118053532078429
"L208pns6million",0.52206642585752,0.156761928798304,0.321171645344176
"L209pns6million",0.826273982448713,0.0537761182475383,0.119949899303748
"L210pns6million",0.8060958667174,0.0714065056399331,0.122497627642667
"L211pns6million",0.918591975322416,0.0265509252952854,0.0548570993822984
"L213pns6million",0.932875559487115,0.0205134986765951,0.0466109418362895
"L214pns6million",0.5768596784587,0.149885944789463,0.273254376751838
"L215pns6million",0.803545531022684,0.0619451183321214,0.134509350645195
"L216pns6million",0.929495531816534,0.0202727920552556,0.0502316761282108
"L217pns6million",0.794193872565445,0.0731142691422162,0.132691858292338
"L219pns6million",0.680557255377892,0.120802431023286,0.198640313598821
"L221pns6million",0.788075423422207,0.0619770104767402,0.149947566101053
"L222pns6million",0.823887704604494,0.0465330872819566,0.12957920811355
"L223pns6million",0.59134914368895,0.113328388777723,0.295322467533327
"L224pns6million",0.825054614508216,0.0477758571275045,0.12716952836428
"L225pns6million",0.707891518323596,0.0898510396393749,0.202257442037029
"L226pns6million",0.806189259949895,0.05099363807821,0.142817101971895
"L228pns6million",0.844744125930338,0.043678005216368,0.111577868853294
"L229pns6million",0.868584019672415,0.0399242036227342,0.091491776704851
"L230pns6million",0.807339005823041,0.0539155888914867,0.138745405285472
"L231pns6million",0.842756425645701,0.04766373496507,0.109579839389229
"L232pns6million",0.840455306413064,0.0481880813882107,0.111356612198725
"L233pns6million",0.682374982262784,0.0919114965108888,0.225713521226327
"L234pns6million",0.888117729387657,0.0358991240991036,0.0759831465132393
"L235pns6million",0.839169419511275,0.0464242375483678,0.114406342940357
"L237pns6million",0.72901829204288,0.0894115857493749,0.181570122207745
"L239pns6million",0.689308962165341,0.0823210794106297,0.228369958424029
"L240pns6million",0.69647458960393,0.096906391400475,0.206619018995595
"L241pns6million",0.793302236675374,0.0578881705654824,0.148809592759143
"L242pns6million",0.812459748838804,0.0529572045548597,0.134583046606336
"L243pns6million",0.750794505207195,0.0695771856518053,0.179628309141
"L244pns6million",0.765274886658077,0.0823649167760336,0.152360196565889
"L245pns6million",0.866328123695856,0.0399718518875497,0.0937000244165941
"L246pns6million",0.854842372380824,0.045622306222332,0.0995353213968437
"L247pns6million",0.912110356866399,0.0273812815732183,0.060508361560383
"L248pns6million",0.887329217416534,0.0373109277309973,0.0753598548524683
"L249pns6million",0.712501814983248,0.0784011152722006,0.209097069744551
"L250pns6million",0.881334135900795,0.0379281235238532,0.0807377405753522
"L251pns6million",0.871515523895876,0.0422822151857325,0.086202260918391
"L252pns6million",0.876453522247741,0.0398491063568207,0.0836973713954378
"L253pns6million",0.820617791085758,0.0622117664905569,0.117170442423685
"L255pns6million",0.881351989702875,0.0356155554857618,0.0830324548113634
"L256pns6million",0.903384004678321,0.0291130136413214,0.067502981680358
"L257pns6million",0.740656475697471,0.0645754910855275,0.194768033217001
"L258pns6million",0.889469276244421,0.0331956982127978,0.0773350255427816
"L260pns6million",0.529473493606718,0.240520927693529,0.230005578699753
"L261pns6million",0.775189498253931,0.0759262783513082,0.148884223394761
"L262pns6million",0.829609704116765,0.0423145790041636,0.128075716879071
"L264pns6million",0.832861338358123,0.0581231542415089,0.109015507400368
"L265pns6million",0.727204812955032,0.0742635791639454,0.198531607881023
"L266pns6million",0.939555173687442,0.0191278642916157,0.0413169620209426
"L267pns6million",0.902563847909563,0.0305610992556657,0.0668750528347715
"L269pns6million",0.823188024389037,0.0475527973382594,0.129259178272704
"L270pns6million",0.888976052144884,0.0339777057081715,0.0770462421469449
"L271pns6million",0.734433843108647,0.0882858410619044,0.177280315829449
"L272pns6million",0.446935141120442,0.246406762221058,0.3066580966585
"L275pns6million",0.870332750994217,0.0370349396193285,0.0926323093864549
"L276pns6million",0.843138818885847,0.0490635043342763,0.107797676779877
"L277pns6million",0.85423847515338,0.0448578442082064,0.100903680638414
"L279pns6million",0.821478687584532,0.0558497201380386,0.122671592277429
"L280pns6million",0.905244819837442,0.0286528815529277,0.0661022986096299
"L281pns6million",0.839801940344937,0.0456096590307649,0.114588400624298
"L282pns6million",0.903876232860907,0.029355687724191,0.0667680794149024
"L288pns6million",0.737195749815442,0.0826606959234084,0.180143554261149
"L289pns6million",0.82203545923703,0.0523980208799953,0.125566519882975
"L290pns6million",0.861364741638372,0.0460246423584472,0.0926106160031812
"L292pns6million",0.897209680952815,0.0307875894319494,0.0720027296152351
"L293pns6million",0.768163885702337,0.0791172290159933,0.15271888528167
"L294pns6million",0.857778617405022,0.0405944830551022,0.101626899539876
"L295pns6million",0.79450331769613,0.0591463939254059,0.146350288378465
"L296pns6million",0.794938985477613,0.0595797629498301,0.145481251572557
"L297pns6million",0.830129117815949,0.0538079676073091,0.116062914576742
"L298pns6million",0.840219112433692,0.0392666867671954,0.120514200799112
"L301pns6million",0.698465319028798,0.0860370010688421,0.215497679902359
"L302pns6million",0.667447871555585,0.100606799025931,0.231945329418484
"L303pns6million",0.865271062202259,0.0422304615702083,0.0924984762275327
"L305pns6million",0.624503401403401,0.108506704238237,0.266989894358362
"L306pns6million",0.714295841601488,0.0992174230510961,0.186486735347416
"L307pns6million",0.745946464475737,0.0592632457478369,0.194790289776426
"L310pns6million",0.850455421619187,0.0458559107762726,0.10368866760454
"L311pns6million",0.853243000531632,0.0484367213328339,0.0983202781355344
"L312pns6million",0.904619925276127,0.0296251592402606,0.0657549154836126
"L314pns6million",0.809518382128781,0.0695678636369148,0.120913754234304
"L315pns6million",0.90843672615365,0.0302418574715298,0.0613214163748199
"L316pns6million",0.813424697095142,0.0593846652713207,0.127190637633538
"L317pns6million",0.792444743537615,0.0645688507711215,0.142986405691263
"L318pns6million",0.827941088196083,0.0456268356729245,0.126432076130993
"L319pns6million",0.89234516652887,0.0286331012829008,0.0790217321882289
"L320pns6million",0.837169694350044,0.0522535114620759,0.11057679418788
"L321pns6million",0.85981906449791,0.0494405682601908,0.0907403672418987
"L322pns6million",0.784386122255948,0.0695192320133333,0.146094645730719
"L325pns6million",0.785407555015122,0.0630556979304644,0.151536747054413
"L327pns6million",0.881356395544628,0.0333132170805073,0.0853303873748645
"L328pns6million",0.818360988635352,0.0501889705913777,0.13145004077327
"L329pns6million",0.78966952829189,0.0558686402749009,0.15446183143321
"L330pns6million",0.844045081356734,0.0529307288503902,0.103024189792875
"L331pns6million",0.880951285151157,0.0348962079671039,0.0841525068817391
"L333pns6million",0.874600026544525,0.0392459160300248,0.0861540574254498
"L334pns6million",0.784532626626759,0.0571742127602043,0.158293160613037
"L335pns6million",0.908200360431945,0.0270699417720988,0.0647296977959557
"L336pns6million",0.859010318896446,0.0442964384646643,0.0966932426388893
"L337pns6million",0.838621680160267,0.0480768540968854,0.113301465742847
"L338pns6million",0.930031434654124,0.0210589972531276,0.0489095680927484
"L339pns6million",0.815304654383535,0.0565383677454185,0.128156977871047
"L340pns6million",0.845857981931772,0.0495529917567916,0.104589026311436
"L341pns6million",0.869452038966064,0.039422681839296,0.0911252791946401
"L342pns6million",0.835219147827582,0.0436674516556489,0.121113400516769
"L343pns6million",0.811247055791648,0.0607412038504909,0.128011740357861
"L344pns6million",0.645368199536078,0.148410787906187,0.206221012557735
"L346pns6million",0.76938709035936,0.0715189408725355,0.159093968768105
"L347pns6million",0.798886520437,0.0611394145692885,0.139974064993711
"L348pns6million",0.685107265788918,0.0920439077069437,0.222848826504139
"L349pns6million",0.427956772421228,0.248521066565261,0.323522161013511
