"","Probabilty Correct","Probability Polytomy","Probability Incorrect"
"part1pns6million",0.953142204420864,0.010528541428022,0.0363292541511144
"part2pns6million",0.996994018191988,0.000752883707322616,0.0022530981006899
"part3pns6million",0.995597473082785,0.00120630879904016,0.00319621811817474
"part4pns6million",0.999965709838778,9.8364130034907e-06,2.4453748218418e-05
"part5pns6million",0.999149625355456,0.000220754248613269,0.000629620395930988
"part6pns6million",0.997145841773974,0.000750138221349333,0.00210402000467656
"part7pns6million",0.795201888313583,0.0509304104822696,0.153867701204147
"part8pns6million",0.985223458140663,0.0037346500128083,0.011041891846529
"part9pns6million",0.999874078211162,3.14869186597379e-05,9.44348701780462e-05
"part10pns6million",0.998978579496144,0.000338672327558038,0.000682748176297688
"part11pns6million",0.996374404973686,0.00102933931589668,0.00259625571041764
"part12pns6million",0.999644243565512,0.000107636668588346,0.000248119765899357
"part13pns6million",0.95911406446007,0.0140583899455777,0.0268275455943525
"part14pns6million",0.999602461574525,0.000103293884015687,0.000294244541459474
"part15pns6million",0.999411454312029,0.000163250841727681,0.000425294846243308
"part16pns6million",0.999984918669509,4.56233917369057e-06,1.05189913172393e-05
"part17pns6million",0.985374885174355,0.00458442048716479,0.0100406943384801
"part18pns6million",0.963395207019883,0.0103456352075965,0.0262591577725202
"part19pns6million",0.993094325918118,0.00184403579799635,0.00506163828388611
"part20pns6million",0.880683855918709,0.0284752568073359,0.0908408872739546
"part21pns6million",0.998171048223529,0.000488717580055202,0.00134023419641604
"part22pns6million",0.996070800755066,0.00123528224022235,0.00269391700471126
"part23pns6million",0.988968648287001,0.00309737302534484,0.00793397868765448
"part24pns6million",0.999993632408089,1.79276517709043e-06,4.57482673433818e-06
"part25pns6million",0.986933177590139,0.00333234689091447,0.00973447551894631
"part26pns6million",0.99979664586998,6.01082161648707e-05,0.000143245913854676
"part27pns6million",0.999761574029119,6.6222447445516e-05,0.000172203523434978
"part28pns6million",0.998848584497255,0.000327932136350162,0.000823483366394495
"part29pns6million",0.98931420616188,0.00317613906856175,0.00750965476955795
"part30pns6million",0.883906689822725,0.037145503631707,0.0789478065455679
"part31pns6million",0.999997874400843,6.03367171499655e-07,1.52223198580102e-06
"part32pns6million",0.985976832264851,0.00413377739916847,0.00988939033598102
"part33pns6million",0.996585431443985,0.00104675561594304,0.00236781294007208
"part34pns6million",0.922964714059661,0.0255524652146553,0.0514828207256835
"part35pns6million",0.999883469827701,3.20222831551088e-05,8.45078891436977e-05
"part36pns6million",0.987695885557484,0.00348709803509646,0.00881701640741977
"part37pns6million",0.96392101312657,0.0122093972381891,0.023869589635241
"part38pns6million",0.994745629325648,0.00155753328241601,0.0036968373919359
"part39pns6million",0.99991843044961,2.40197064871043e-05,5.75498439031057e-05
"part40pns6million",0.683761262370972,0.108636608897203,0.207602128731825
"part41pns6million",0.9992106833322,0.000213598681126349,0.000575717986673829
"part42pns6million",0.998430411946874,0.000441072154180378,0.00112851589894606
"part43pns6million",0.814521758258353,0.0516797253248742,0.133798516416773
"part44pns6million",0.955906552760072,0.0134847197604778,0.0306087274794501
"part45pns6million",0.988959418468494,0.00318552230344512,0.00785505922806129
"part46pns6million",0.989197404519175,0.00298710318778302,0.00781549229304233
"part47pns6million",0.946429837033147,0.0165257041141298,0.0370444588527233
"part48pns6million",0.963592990023108,0.0110996292935561,0.0253073806833362
"part49pns6million",0.995854839928649,0.00109736135303436,0.00304779871831637
"part50pns6million",0.993795928835543,0.00158724057486677,0.00461683058959045
"part51pns6million",0.891523782768747,0.0246968744628741,0.0837793427683788
"part52pns6million",0.5768596784587,0.149885944789463,0.273254376751838
"part53pns6million",0.904839811441904,0.0286126450560794,0.0665475435020167
"part54pns6million",0.907237267803965,0.0248954047218656,0.067867327474169
"part55pns6million",0.966499784511868,0.00833893910433533,0.025161276383797
"part56pns6million",0.959122589408307,0.00997035994117912,0.0309070506505139
"part57pns6million",0.865171886295321,0.0398700834558535,0.0949580302488251
"part58pns6million",0.924399820265567,0.0188094947203339,0.0567906850140987
"part59pns6million",0.98132092264676,0.0051234000362201,0.0135556773170201
"part60pns6million",0.985141564100958,0.00479684369382536,0.010061592205217
"part61pns6million",0.529473493606718,0.240520927693529,0.230005578699753
"part62pns6million",0.992009409816079,0.00189063214080217,0.00609995804311907
"part63pns6million",0.727204812955032,0.0742635791639454,0.198531607881023
"part64pns6million",0.934063691829507,0.017677834683344,0.0482584734871489
"part65pns6million",0.737195749815442,0.0826606959234084,0.180143554261149
"part66pns6million",0.944090913707902,0.0147188808730661,0.0411902054190321
"part67pns6million",0.977106960590032,0.00628103588705345,0.0166120035229148
"part68pns6million",0.698465319028798,0.0860370010688421,0.215497679902359
"part69pns6million",0.714295841601488,0.0992174230510961,0.186486735347416
"part70pns6million",0.950623162240174,0.0125161993548481,0.0368606384049781
"part71pns6million",0.908200360431945,0.0270699417720988,0.0647296977959557
"part72pns6million",0.645368199536078,0.148410787906187,0.206221012557735
"part73pns6million",0.980391848340571,0.00561510771710413,0.0139930439423252
"part74pns6million",0.977035187675573,0.0068924759672576,0.016072336357169
"part75pns6million",0.940172310067113,0.0185356603733965,0.0412920295594902
