"","Probabilty Correct","Probability Polytomy","Probability Incorrect"
"L1pns",0.66359548102256,0.0756868238489428,0.260717695128497
"L2pns",0.748917653781645,0.0663860240313517,0.184696322187004
"L3pns",0.745981338451879,0.0658350904375102,0.188183571110611
"L4pns",0.68808043492843,0.0667113387516383,0.245208226319932
"L5pns",0.790264982474978,0.0515922371706621,0.15814278035436
"L6pns",0.795577496257901,0.0522186299974321,0.152203873744667
"L7pns",0.685469253928929,0.0812027769585696,0.233327969112501
"L8pns",0.725990801106546,0.0850299184298046,0.18897928046365
"L9pns",0.835640621550358,0.0533075081938262,0.111051870255816
"L10pns",0.692053368959904,0.0811722703939744,0.226774360646122
"L11pns",0.823868621280918,0.0577715459095089,0.118359832809573
"L12pns",0.818203467461697,0.0543380274296629,0.12745850510864
"L21pns",0.593484096605694,0.100300860375326,0.306215043018981
"L22pns",0.735202665515032,0.0659899103186546,0.198807424166313
"L24pns",0.824725120336834,0.0440571548918636,0.131217724771302
"L27pns",0.70750670711686,0.0714937779658598,0.22099951491728
"L28pns",0.799696961637816,0.0544311612916409,0.145871877070543
"L30pns",0.75410675264608,0.0801444878321166,0.165748759521804
"L31pns",0.84639588431801,0.0435920754200911,0.110012040261899
"L32pns",0.804177357143466,0.0491701299552256,0.146652512901308
"L34pns",0.835034763004459,0.0438799393883383,0.121085297607202
"L35pns",0.761619714781841,0.0674321682017444,0.170948117016415
"L36pns",0.741495815407598,0.0788242282727389,0.179679956319663
"L37pns",0.869329491431696,0.0357646028564957,0.0949059057118083
"L38pns",0.804026449871935,0.057096418197114,0.138877131930951
"L39pns",0.761420346064404,0.0665746031450388,0.172005050790557
"L41pns",0.710435927449965,0.0839351155637406,0.205628956986294
"L42pns",0.724413338571517,0.0693515815894636,0.20623507983902
"L43pns",0.804263179172599,0.0556663574006938,0.140070463426707
"L44pns",0.794205784211782,0.061787445501831,0.144006770286387
"L48pns",0.763943163914803,0.0702851331411127,0.165771702944084
"L49pns",0.793581527051427,0.0483426764341926,0.15807579651438
"L50pns",0.793897665803006,0.0496316564735919,0.156470677723402
"L51pns",0.664637962761344,0.0877013851010157,0.247660652137641
"L53pns",0.697796819298594,0.0814358323522302,0.220767348349176
"L54pns",0.654118813668145,0.100130367427761,0.245750818904094
"L57pns",0.71733314477591,0.0814746277297134,0.201192227494377
"L58pns",0.680653270761603,0.100389045670981,0.218957683567415
"L59pns",0.7314760180945,0.0727264432039984,0.195797538701501
"L61pns",0.760731176612452,0.0753702349349458,0.163898588452603
"L62pns",0.817058370937352,0.058548103781054,0.124393525281594
"L63pns",0.839333989929821,0.0442111993976983,0.116454810672481
"L64pns",0.8056563682494,0.0604918015321427,0.133851830218458
"L65pns",0.857352063066598,0.0386823802284468,0.103965556704955
"L67pns",0.866364776451683,0.0352310236518502,0.0984041998964671
"L72pns",0.757384901526473,0.0616051403375358,0.181009958135991
"L73pns",0.797401530263004,0.0577137290930012,0.144884740643995
"L74pns",0.777644072114692,0.0599181928030982,0.16243773508221
"L75pns",0.849430590678675,0.0423569842194975,0.108212425101827
"L76pns",0.772798620196299,0.0529665284449072,0.174234851358794
"L77pns",0.809247692913933,0.0553524608912927,0.135399846194774
"L78pns",0.707245880864834,0.0716943911753772,0.221059727959789
"L79pns",0.774991188005754,0.0530295200212453,0.171979291973
"L80pns",0.709323473910105,0.0917771898009848,0.19889933628891
"L81pns",0.89699503238862,0.0292588197234621,0.0737461478879178
"L82pns",0.762378055287286,0.0601491434489359,0.177472801263778
"L85pns",0.863500771450135,0.0391065848550479,0.0973926436948165
"L86pns",0.789606176749958,0.053750257222588,0.156643566027454
"L87pns",0.745367385371225,0.0776261459609168,0.177006468667859
"L88pns",0.788598215836885,0.0709290290707032,0.140472755092412
"L89pns",0.696908183980724,0.0788445652812045,0.224247250738072
"L91pns",0.868907097506652,0.0361902137109541,0.0949026887823938
"L94pns",0.632290441577208,0.108451886476315,0.259257671946477
"L95pns",0.760328102881939,0.0623222956259934,0.177349601492068
"L98pns",0.684345430675508,0.111964144290654,0.203690425033838
"L99pns",0.794680805613652,0.0601453864355131,0.145173807950835
"L100pns",0.82472467423987,0.0447175870172611,0.130557738742869
"L102pns",0.787124827340281,0.0578669117062263,0.155008260953492
"L103pns",0.79882419407225,0.0519707599670372,0.149205045960713
"L104pns",0.768475783875866,0.0562635394342212,0.175260676689913
"L105pns",0.69118159872616,0.0730635107161137,0.235754890557726
"L107pns",0.768613312700466,0.0604634095222082,0.170923277777325
"L108pns",0.769739526241882,0.0560331143552684,0.174227359402849
"L110pns",0.862595115415387,0.0380882097031233,0.0993166748814898
"L111pns",0.819499831393902,0.0499125802642292,0.130587588341869
"L113pns",0.863905000998032,0.0405655042865691,0.0955294947153991
"L115pns",0.631129657174708,0.154815398802954,0.214054944022338
"L116pns",0.780450223902596,0.0584876772689314,0.161062098828472
"L118pns",0.803467185235508,0.0538984533788183,0.142634361385674
"L119pns",0.811924063901923,0.0569527526758753,0.131123183422202
"L120pns",0.785888821106249,0.0571067789582709,0.15700439993548
"L121pns",0.886150282387679,0.0287592667981426,0.0850904508141782
"L122pns",0.842356519771061,0.039693323037344,0.117950157191595
"L125pns",0.82822950859174,0.0454675294346037,0.126302961973656
"L126pns",0.743017857306531,0.0594828090003385,0.197499333693131
"L127pns",0.787928446797083,0.0574797788594792,0.154591774343438
"L128pns",0.683152613097983,0.101799613316994,0.215047773585023
"L129pns",0.816982325207443,0.0497240772888585,0.133293597503698
"L130pns",0.779881851323659,0.0595955529189081,0.160522595757433
"L131pns",0.687548278320694,0.0970307290866894,0.215420992592616
"L133pns",0.802645982542432,0.0546654675322907,0.142688549925277
"L134pns",0.72254390410126,0.0668595478538385,0.210596548044902
"L135pns",0.845677602746613,0.0375442461003277,0.116778151153059
"L136pns",0.835768511408771,0.0434787585155983,0.120752730075631
"L137pns",0.814088534370227,0.0527115915915017,0.133199874038271
"L141pns",0.801627109800148,0.0565628600159657,0.141810030183887
"L142pns",0.783967097679417,0.0623174395830879,0.153715462737495
"L143pns",0.856214485046656,0.0408653786433705,0.102920136309974
"L145pns",0.828930519953325,0.0505870004141835,0.120482479632492
"L146pns",0.814642140403442,0.0600477894921436,0.125310070104414
"L147pns",0.842326010900216,0.0463048055177187,0.111369183582065
"L148pns",0.759906087146046,0.0682639649565327,0.171829947897421
"L149pns",0.878993939349305,0.032440332636416,0.0885657280142795
"L150pns",0.886250895954969,0.031548313927986,0.0822007901170453
"L151pns",0.861586307442525,0.0412041132845683,0.097209579272907
"L152pns",0.553220679715727,0.191503114595673,0.2552762056886
"L153pns",0.837292945842033,0.0392686916145298,0.123438362543437
"L154pns",0.693065736557492,0.0887524713573833,0.218181792085125
"L155pns",0.791806654310191,0.0578194029385702,0.150373942751239
"L157pns",0.808907258394329,0.0524873542783086,0.138605387327362
"L158pns",0.797006684789319,0.0700305267546568,0.132962788456024
"L159pns",0.765923957871144,0.072729515947851,0.161346526181005
"L161pns",0.878258957250802,0.0350845473470725,0.0866564954021254
"L162pns",0.78394757125925,0.0616188209140497,0.1544336078267
"L163pns",0.625458110887178,0.121166568653068,0.253375320459754
"L165pns",0.817922823268475,0.0548722025399296,0.127204974191596
"L169pns",0.71856462612812,0.0816915680895179,0.199743805782362
"L170pns",0.715670351134435,0.0812741088828442,0.203055539982721
"L171pns",0.786661452124972,0.0547622817355049,0.158576266139524
"L174pns",0.775369819614458,0.0696469326366377,0.154983247748905
"L175pns",0.812049308707126,0.0595627139594404,0.128387977333434
"L176pns",0.836347341936251,0.0446191659723774,0.119033492091372
"L177pns",0.805620040879739,0.0574772607341293,0.136902698386131
"L178pns",0.803065262255332,0.054576888917618,0.14235784882705
"L180pns",0.751719108250186,0.0598312232919014,0.188449668457912
"L181pns",0.831943879759116,0.042317544894324,0.12573857534656
"L182pns",0.881113215850213,0.0321942664486023,0.0866925177011844
"L183pns",0.752883917992683,0.0634328998961411,0.183683182111176
"L184pns",0.91830589353568,0.0228410121868962,0.0588530942774235
"L186pns",0.851258959894286,0.0418808073164978,0.106860232789216
"L187pns",0.833642009828435,0.0456140116694522,0.120743978502113
"L188pns",0.813508569343196,0.0553625689781199,0.131128861678684
"L189pns",0.851094757048293,0.0506508350954769,0.09825440785623
"L190pns",0.796065265205749,0.056236983088509,0.147697751705742
"L192pns",0.786513801991286,0.0574429189868249,0.156043279021889
"L193pns",0.42624501444162,0.178691915544381,0.395063070013999
"L194pns",0.777118134119725,0.064909528752999,0.157972337127276
"L195pns",0.77464918403063,0.0563331129621826,0.169017703007188
"L196pns",0.805518746348886,0.0533262080531516,0.141155045597963
"L197pns",0.756879898148916,0.0641373752227592,0.178982726628325
"L201pns",0.786981172323599,0.0595230805702515,0.153495747106149
"L202pns",0.779231587184068,0.0678120729392758,0.152956339876656
"L203pns",0.726279505032546,0.0862278578860697,0.187492637081384
"L204pns",0.838940632395931,0.0451742405970745,0.115885127006994
"L205pns",0.807034871779426,0.0546685313912076,0.138296596829366
"L206pns",0.840754484057728,0.0445538739065313,0.11469164203574
"L207pns",0.771467835482113,0.0627723299805562,0.165759834537331
"L208pns",0.478129642181453,0.162899075848264,0.358971281970283
"L209pns",0.765810663967983,0.0671212022880192,0.167068133743998
"L210pns",0.746295771996206,0.0877310372570227,0.165973190746772
"L211pns",0.870105714039177,0.0390911958803823,0.0908030900804405
"L213pns",0.887397510136457,0.0315522353200062,0.0810502545435368
"L214pns",0.526516875943065,0.159465929817656,0.314017194239279
"L215pns",0.742306532275054,0.0754626547766653,0.18223081294828
"L216pns",0.882513233662336,0.0308438781494801,0.0866428881881834
"L217pns",0.73382533327577,0.0886075072417958,0.177567159482434
"L219pns",0.62262078366854,0.135264293842755,0.242114922488705
"L221pns",0.726156120211324,0.0741596168449009,0.199684262943775
"L222pns",0.762173956745005,0.057679339617429,0.180146703637566
"L223pns",0.540726892489913,0.119657573120849,0.339615534389238
"L224pns",0.763648163111182,0.0593215176457008,0.177030319243117
"L225pns",0.64811682562558,0.101096371687498,0.250786802686922
"L226pns",0.743890180779561,0.0619208246840193,0.19418899453642
"L228pns",0.784635517962908,0.0556824499889949,0.159682032048097
"L229pns",0.811196852241709,0.0528744442372031,0.135928703521088
"L230pns",0.745451595353444,0.0656785434980144,0.188869861148542
"L231pns",0.783061267727453,0.060751616168525,0.156187116104022
"L232pns",0.780616379667568,0.0612230369287333,0.158160583403699
"L233pns",0.623864560612852,0.101603748384855,0.274531691002292
"L234pns",0.83377955415203,0.0492770158053689,0.116943430042601
"L235pns",0.778814908649804,0.0588078323841554,0.162377258966041
"L237pns",0.668687783387454,0.102348103899476,0.22896411271307
"L239pns",0.630277326259429,0.0910054537131754,0.278717220027396
"L240pns",0.637204764504768,0.108541796546076,0.254253438949156
"L241pns",0.731219981664117,0.0695320866180781,0.199247931717805
"L242pns",0.750799064274456,0.0648909578264882,0.184309977899056
"L243pns",0.68902313901939,0.0804169211883122,0.230559939792298
"L244pns",0.704516716007814,0.0972892251779347,0.198194058814252
"L245pns",0.808583121909944,0.0527056679129095,0.138711210177147
"L246pns",0.796406233299475,0.0591811248682333,0.144412641832292
"L247pns",0.861731699781851,0.0396231398033239,0.0986451604148255
"L248pns",0.833212729559478,0.0511494773810879,0.115637793059435
"L249pns",0.65207501872009,0.0880808346224982,0.259844146657412
"L250pns",0.825979460540983,0.051396599899148,0.122623939559869
"L251pns",0.815231194063267,0.0563582153963059,0.128410590540427
"L252pns",0.820550201233898,0.0535424813952117,0.125907317370891
"L253pns",0.760825045890845,0.0774630429615846,0.16171191114757
"L255pns",0.825434731924412,0.0482156882273643,0.126349579848223
"L256pns",0.850965170461667,0.0412443682925134,0.10779046124582
"L257pns",0.678894834932233,0.0737819614929982,0.247323203574769
"L258pns",0.834709245426747,0.0456362745781527,0.1196544799951
"L260pns",0.481504081597882,0.258231685325228,0.26026423307689
"L261pns",0.71414900766355,0.0902633917562742,0.195587600580176
"L262pns",0.767800749576224,0.0527133955856527,0.179485854838123
"L264pns",0.77379810601562,0.073430842093957,0.152771051890423
"L265pns",0.666308154567261,0.0841719258783805,0.249519919554359
"L266pns",0.896390238925277,0.0301143376641409,0.0734954234105818
"L267pns",0.850379371167862,0.0432243162142355,0.106396312617902
"L269pns",0.761647797408023,0.0588633971720938,0.179488805419883
"L270pns",0.834322580230098,0.0466793095278247,0.118998110242077
"L271pns",0.673766556258859,0.101591967065436,0.224641476675705
"L272pns",0.408577016858268,0.255346921298067,0.336076061843665
"L275pns",0.81265361490819,0.0491094667019372,0.138236918389873
"L276pns",0.783764736361067,0.0625972086786491,0.153638054960284
"L277pns",0.795625818985423,0.0580759863738879,0.14629819464069
"L279pns",0.760885036755745,0.0693332500029068,0.169781713241348
"L280pns",0.853218565793661,0.0407611562401173,0.106020277966222
"L281pns",0.779394947824801,0.0577915672587692,0.162813484916429
"L282pns",0.851681497251765,0.0416354188117945,0.106683083936441
"L288pns",0.676162303356976,0.0951007878988607,0.228736908744163
"L289pns",0.761010265621625,0.0650173445585617,0.173972389819813
"L290pns",0.804045023570033,0.0603821452807885,0.135572831149178
"L292pns",0.843620087666582,0.0430192769738709,0.113360635359547
"L293pns",0.707172197221345,0.0935893182306727,0.199238484547982
"L294pns",0.798824183426595,0.0527487554742616,0.148427061099143
"L295pns",0.732562738450562,0.0711384645510338,0.196298796998404
"L296pns",0.733027466657555,0.0717265383557123,0.195245994986732
"L297pns",0.769961238885566,0.0675895779746449,0.162449183139789
"L298pns",0.778914550949678,0.0496071909209386,0.171478258129384
"L301pns",0.638979115625189,0.0959349343378251,0.265085950036985
"L302pns",0.610017939898626,0.110470332525141,0.279511727576233
"L303pns",0.807798246856708,0.0556717330801821,0.13653002006311
"L305pns",0.5704793314462,0.116428404208334,0.313092264345466
"L306pns",0.65448246586853,0.112838963410689,0.232678570720781
"L307pns",0.683775406062807,0.0678148412850314,0.248409752652162
"L310pns",0.791452514478861,0.0590898286866368,0.149457656834503
"L311pns",0.795106967738339,0.0627892460773106,0.14210378618435
"L312pns",0.852735556330502,0.0420963730420075,0.10516807062749
"L314pns",0.749768169866309,0.0857803640785121,0.164451466055179
"L315pns",0.857908958538961,0.0433841700642248,0.0987068713968143
"L316pns",0.752608363778871,0.0731519642658915,0.174239671955237
"L317pns",0.730857752532691,0.0778103953815183,0.19133185208579
"L318pns",0.766487885042035,0.0568318771993101,0.176680237758655
"L319pns",0.836979092799552,0.0395416366198664,0.123479270580582
"L320pns",0.77757895650462,0.0662296203454879,0.156191423149893
"L321pns",0.802974032145204,0.0648225207195355,0.132203447135261
"L322pns",0.723051721503159,0.0831911222758425,0.193757156220998
"L325pns",0.723435191964609,0.0752795460052302,0.201285262030161
"L327pns",0.824836946270302,0.0450441264226837,0.130118927307014
"L328pns",0.756707442480683,0.0619229005841369,0.18136965693518
"L329pns",0.727225966655466,0.0667007358614055,0.206073297483128
"L330pns",0.785464811883712,0.0677791645113836,0.146756023604905
"L331pns",0.824731225440236,0.047178910469159,0.128089864090605
"L333pns",0.818175348936663,0.0525472549373356,0.129277396126002
"L334pns",0.722120269173562,0.0679416623375195,0.209938068488918
"L335pns",0.856506159592154,0.0387755444575852,0.104718295950261
"L336pns",0.800998910551735,0.057811376581735,0.14118971286653
"L337pns",0.778490428089686,0.060895915996066,0.160613655914248
"L338pns",0.883611498804036,0.0320845178934128,0.0843039833025513
"L339pns",0.754298219830383,0.069681481149395,0.176020299020221
"L340pns",0.78694556857213,0.0635012436964593,0.149553187731411
"L341pns",0.812118352960325,0.052270868034076,0.135610779005599
"L342pns",0.774067088995486,0.0549281617904003,0.171004749214113
"L343pns",0.750497037821999,0.0746252316296257,0.174877730548376
"L344pns",0.589655890143544,0.16420016777534,0.246143942081116
"L346pns",0.707672585749154,0.0843429363547345,0.207984477896111
"L347pns",0.737303848805032,0.0740199298587431,0.188676221336225
"L348pns",0.626413420830344,0.101973837768767,0.271612741400889
"L349pns",0.392032964492084,0.255972105009972,0.351994930497944
