"","Probabilty Correct","Probability Polytomy","Probability Incorrect"
"part1pns555",0.912280166529749,0.0176824562753038,0.0700373771949468
"part2pns555",0.988788601907904,0.00250759534479017,0.00870380274730547
"part3pns555",0.985362932338583,0.00360780768099752,0.0110292599804195
"part4pns555",0.9996115301713,0.000100038244648692,0.000288431584051539
"part5pns555",0.995650056003152,0.00100953953381178,0.00334040446303659
"part6pns555",0.989329153175699,0.0025141927852747,0.00815665403902598
"part7pns555",0.732480806003554,0.061054960315259,0.206464233681187
"part8pns555",0.963436053100186,0.0083034219314959,0.0282605249683177
"part9pns555",0.998929855568583,0.000238096973165189,0.000832047458251465
"part10pns555",0.995365073936567,0.00140174801040761,0.0032331780530249
"part11pns555",0.987427820019252,0.00321755102655011,0.009354628954198
"part12pns555",0.997827244273444,0.000593847335050859,0.00157890839150495
"part13pns555",0.92396592513036,0.024131744211909,0.051902330657731
"part14pns555",0.997523487676145,0.000574715418703296,0.00190179690515134
"part15pns555",0.996740591403003,0.000811167940287799,0.0024482406567093
"part16pns555",0.99979484232515,5.59431472690709e-05,0.000149214527581245
"part17pns555",0.964802075313721,0.0100636780421437,0.0251342466441357
"part18pns555",0.928475671981463,0.0183602941555887,0.0531640338629488
"part19pns555",0.979417675310408,0.0049407161154158,0.0156416085741762
"part20pns555",0.823009549404723,0.0383692745514565,0.13862117604382
"part21pns555",0.992361350987027,0.00183016844260034,0.00580848057037287
"part22pns555",0.986976773513602,0.00372424131903438,0.00929898516736338
"part23pns555",0.971000268829916,0.00735492807509924,0.021644803094985
"part24pns555",0.999887752901749,2.83081032472326e-05,8.39389950038274e-05
"part25pns555",0.966628577867674,0.00764132968026056,0.0257300924520653
"part26pns555",0.998556836253669,0.000384419193888504,0.00105874455244203
"part27pns555",0.998336102780384,0.000414313217666446,0.00124958400194951
"part28pns555",0.994676481215212,0.0013652272198173,0.00395829156497078
"part29pns555",0.971955102738187,0.00756128728404145,0.0204836099777716
"part30pns555",0.828930519953325,0.0505870004141835,0.120482479632492
"part31pns555",0.999950400974797,1.261187045434e-05,3.69871547489345e-05
"part32pns555",0.965534574545801,0.00921780028238554,0.0252476251718133
"part33pns555",0.988202753801418,0.00328061436096299,0.00851663183761884
"part34pns555",0.875616132543851,0.0381015346872759,0.0862823327688735
"part35pns555",0.99902008847164,0.000241157680716971,0.000738753847642674
"part36pns555",0.96859564491223,0.00805301459834285,0.0233513404894274
"part37pns555",0.930797098463974,0.0215750878962722,0.047627813639754
"part38pns555",0.983561105111885,0.00441207699745365,0.0120268178906614
"part39pns555",0.999268384265348,0.000193931563842579,0.0005376841708092
"part40pns555",0.625458110887178,0.121166568653068,0.253375320459754
"part41pns555",0.995920349839532,0.000989351121820256,0.00309029903864737
"part42pns555",0.993267544345297,0.00170239376002902,0.00503006189467437
"part43pns555",0.752883917992683,0.0634328998961411,0.183683182111176
"part44pns555",0.91830589353568,0.0228410121868962,0.0588530942774235
"part45pns555",0.971124654591685,0.00754372662342802,0.0213316187848873
"part46pns555",0.971397865786276,0.00713708757854881,0.021465046635175
"part47pns555",0.905272534940575,0.0267673220603613,0.0679601429990642
"part48pns555",0.929381600394562,0.0196733169431962,0.0509450826622417
"part49pns555",0.985916197306524,0.00334569348341015,0.0107381092100658
"part50pns555",0.980860406282768,0.00438672217099353,0.0147528715462382
"part51pns555",0.835060437511441,0.0339771759634254,0.130962386525134
"part52pns555",0.526516875943065,0.159465929817656,0.314017194239279
"part53pns555",0.852617168434043,0.0406801478504458,0.106702683715511
"part54pns555",0.854579551704396,0.0355785370911439,0.10984191120446
"part55pns555",0.932319730166789,0.015171337101963,0.0525089327312476
"part56pns555",0.921295430943166,0.017290520807216,0.061414048249618
"part57pns555",0.807117536471377,0.0524946787551089,0.140387784773514
"part58pns555",0.874957922930491,0.0281654919098282,0.096876585159681
"part59pns555",0.956770833884457,0.0107133506345709,0.0325158154809725
"part60pns555",0.964558254153546,0.0104637788753536,0.0249779669711001
"part61pns555",0.481504081597882,0.258231685325228,0.26026423307689
"part62pns555",0.976655018641993,0.00492988336929536,0.018415097988712
"part63pns555",0.666308154567261,0.0841719258783805,0.249519919554359
"part64pns555",0.887802793421049,0.0273164091547098,0.0848807974242408
"part65pns555",0.676162303356976,0.0951007878988607,0.228736908744163
"part66pns555",0.900900884061208,0.0236606696058429,0.0754384463329493
"part67pns555",0.949620871022084,0.0124984228794823,0.037880706098434
"part68pns555",0.638979115625189,0.0959349343378251,0.265085950036985
"part69pns555",0.65448246586853,0.112838963410689,0.232678570720781
"part70pns555",0.90950942026186,0.0207246905692216,0.0697658891689186
"part71pns555",0.856506159592154,0.0387755444575852,0.104718295950261
"part72pns555",0.589655890143544,0.16420016777534,0.246143942081116
"part73pns555",0.955420491384818,0.0115688988229469,0.0330106097922355
"part74pns555",0.950118485605324,0.0136310813272998,0.0362504330673758
"part75pns555",0.89699503238862,0.0292588197234621,0.0737461478879178
